SMAC INPUT EXEMPLAR FILE, with Class 3 for Vehicle 1 and 2
MODIFIED FOR PATH ON 04-14-1998
0.0     8.0     0.010   0.001   0.005   0.125   36.0    10.0    2.0     1
0.0     0.0     0.0     0.0     1191.0  0.0                             2
500.0   18.0    0.0     0.0     794.0   0.0                             3
41.7    69.1    58.9    28440.  9.98    0.0     89.8    -106.4  36.4    4
41.7    69.1    58.9    28440.  9.98    0.0     89.8    -106.4  36.4    5
-7850   -7850   -14610  -14610                                          6
-7850   -7850   -14610  -14610                                          7
0.0     5.0     1.0     0.0                                             8
0.0       -601.3    -601.3    -601.3    -601.3    -601.3
0.0       -601.3    -601.3    -601.3    -601.3    -601.3
0.0       -362.8    -362.8    -362.8    -362.8    -362.8
0.0       -362.8    -362.8    -362.8    -362.8    -362.8
0.0     5.0     1.0     0.0                                             9
0.0       -601.3    -601.3    -601.3    -601.3    -601.3
0.0       -601.3    -601.3    -601.3    -601.3    -601.3
0.0       -362.8    -362.8    -362.8    -362.8    -362.8
0.0       -362.8    -362.8    -362.8    -362.8    -362.8
0.0     5.0     1.0     0.0                                             10
0.0       0.0       0.0       0.0       0.0       0.0
0.0       0.0       0.0       0.0       0.0       0.0
0.0     5.0     1.0     0.0                                             11
0.0       0.0       0.0       0.0       0.0       0.0
0.0       0.0       0.0       0.0       0.0       0.0
  -100.0  -100.0  -100.0   100.0     0.7     0.7     0.0                12
     2.0     0.2    15.0     5.0    50.0    50.0   0.550     0.0        13
 4606E-517547E-716711E-9                                                14
1       600     15748   15748                                           16
4       1       0                                                       17
                                                                        10001
